SASA (Last)	RMSE Residues
1.55	1.126
1.55	0.368
1.55	1.257
1.55	0.176
0	0.473
0.78	0.094
16.16	0.052
13.35	0.092
0	0.038
0	0.224
11.9	0.624
0	0.176
46.85	0.09
0	0.387
1.2	0.05
107.58	0.872
97.42	0.126
100.54	0.046
107.58	0.282
107.58	0.024
97.42	0.708
100.54	0.074
107.58	1.499
97.42	0.843
100.54	0.794
107.58	0.877
97.42	0.696
100.54	0.057
107.58	0.295
97.42	0.695
100.54	0.059
97.42	0.735
97.42	1.019
97.42	0.155
97.42	0.269
97.42	0.032
100.54	0.088
100.54	0.916
100.54	1.233
100.54	1.029
100.54	1.451
107.58	0.189
107.58	1.349
107.58	1.092
107.58	0.598
107.58	0.776
97.42	0.79
97.42	1.208
97.42	1.117
97.42	0.238
100.54	1.329
100.54	1.426
100.54	0.379
17.16	0.395
100.54	0.891
100.54	0.102
78.95	0.238
164.69	0.376
49.91	0.078
94.44	0.04
0.03	0.213
0	0.036
0	0.152
0	0.113
100.54	0.075
5.19	0.034
18.66	0.046
75.22	0.073
107.58	0.104
97.42	0.691
0.47	0.027
0	0.035
119.74	1.413
5.84	1.384
46.91	0.085
12.8	1.164
119.2	0.13
10.59	0.063
119.74	0.247
0.09	0.643
0.59	0.067
4.28	0.109
0	0.141
0	1.043
0.09	0.125
0.59	0.097
4.28	0.101
0	0.103
0	0.1
0.09	0.049
0	0.081
100.54	0.095
5.19	0.047
18.66	0.035
75.22	0.502
97.42	0.693
0.47	0.03
0	0.042
0.59	0.039
4.28	0.039
0	0.045
0	0.049
0	0.031
0.09	0.101
24.1	0.365
24.1	0.09
0	0.316
205.66	0.132
68.75	0.047
68.75	0.078
68.75	0.036
68.75	0.611
68.75	0.077
0.17	0.357
0.07	0.26
0.07	0.293
0.07	0.182
0.07	0.276
0.07	0.078
0.07	0.172
0.07	0.139
0.07	0.085
3.16	0.037
202.72	0.787
0.06	0.086
95.08	0.14
95.08	0.182
95.08	0.103
78.57	0.042
78.57	0.089
78.57	0.955
78.57	0.713
78.57	0.6
78.57	0.121
78.57	0.854
78.57	1.107
78.57	0.127
2.08	0.077
22.95	0.607
34.95	0.651
45.97	0.05
96.42	0.358
0	0.348
0	0.073
30.82	0.121
0.6	0.05
81.13	0.056
81.13	0.92
26.04	0.075
1.31	0.596
78.57	1.496
16.58	0.147
0	0.591
139.77	0.616
26.75	0.063
85.1	0.052
78.63	0.036
93.79	0.053
124.05	0.138
0	0.111
82.9	Error
82.9	0.089
156.48	0.525
86.04	0.657
0	0.341
44.11	0.127
96.4	1.685
66.04	0.117
27.32	0.259
27.32	0.413
0	0.663
0	0.101
97.74	0.092
97.74	0.041
97.74	0.186
97.74	1.416
97.74	0.112
97.74	0.555
97.74	1.364
41.04	0.099
60.56	0.051
60.56	0.096
60.56	0.858
60.56	0.179
60.56	0.86
60.56	0.233
60.56	0.044
60.56	1.126
60.56	0.093
60.56	0.108
60.56	0.088
60.56	0.979
60.56	0.724
60.56	0.049
16.85	1.121
16.58	0.918
16.58	0.885
60.86	1.409
109.58	0.62
119.79	0.039
110.64	0.022
0.8	0.053
96.42	0.191
57.01	0.066
57.01	0.057
57.01	0.123
57.01	0.034
57.01	1.116
57.01	0.191
57.01	0.68
57.01	0.795
97.74	0.118
74.73	1.137
27.32	0.151
82.9	0.673
93.79	0.126
109.58	1.154
6.41	0.938
122.09	0.075
122.09	1.026
124.05	1.016
172.18	1.2
96.4	0.098
83.56	0.195
0	0.092
0	0.327
0	0.292
0	0.42
0	0.712
0	0.833
0	0.635
59.72	0.197
128.02	0.209
85.1	1.011
56.82	0.079
137.38	0.595
64.63	0.058
60.86	1.155
137.38	0.118
13.29	0.133
26.76	0.033
38.95	0.077
0	0.078
78.57	0.073
81.85	0.049
0	0.103
27.32	0.094
97.74	0.169
89.98	0.104
27.32	0.162
0	0.154
0	0.199
71.62	0.215
0	1.342
0	0.039
0	0.631
0	0.142
0	0.89
0	0.338
0	0.041
0	0.199
0	0.049
0	1.06
0	0.99
0	0.613
16.58	0.178
16.58	0.093
41.04	0.14
41.04	0.092
75.26	0.082
75.26	0.76
75.26	1.258
75.26	0.044
75.26	0.683
75.26	0.049
0	0.127
0	0.098
0	0.111
23.63	0.111
23.63	0.098
0	1.16
0	0.276
0	0.191
0	0.168
0	0.202
0	0.039
0	0.574
78.57	1.178
78.57	0.368
31.71	0.037
81.13	0.54
17.82	0.104
0	0.401
26.75	0.119
26.75	0.118
0	0.039
0.6	0.043
0	0.054
3.42	0.1
16.07	0.102
0	0.034
0	0.085
25.3	0.101
1.41	0.152
4.58	0.045
2.69	0.094
0	0.061
34.44	0.271
34.44	0.672
34.44	0.848
0	0.087
0	0.063
41.67	0.053
41.67	0.037
41.67	0.231
0	1.29
0	0.14
155.35	0.482
137.98	0.305
137.98	0.072
155.35	0.105
155.35	0.557
155.35	0.043
5.46	0.093
12.04	0.139
36.4	1.13
0	1.003
0	0.391
0	0.29
0	0.18
0	0.44
0	0.229
0	0.683
19.64	0.047
0	0.099
